GO:0006520;GO:0006790;GO:1901565;GO:0000098;GO:0000096;GO:0009063;GO:0044273	GO:0007005	GO:0090066;GO:0003056;GO:0006940;GO:0019229;GO:0006937;GO:0097746;GO:0090257;GO:0035296;GO:0050880;GO:0035150;GO:0003018	GO:0006915;GO:0012501;GO:0008219	GO:0009605	GO:0046903;GO:0001696;GO:0022600;GO:0046717	GO:0007186	GO:0002708;GO:0002824;GO:0002705;GO:0002706;GO:0002822;GO:0002821;GO:0002819;GO:0002699;GO:0002703;GO:0002709	GO:0001692;GO:0006576;GO:0042133;GO:0052803;GO:0097164;GO:0044106;GO:0009308	GO:0001704	GO:0009607	GO:0000712;GO:0061982	GO:0042445;GO:0010817	GO:0003333;GO:0006865;GO:1905039;GO:0046942;GO:0015711;GO:0015849;GO:0006820;GO:0006811;GO:0098656;GO:1903825;GO:0034220;GO:0055085	GO:0008033;GO:0006399;GO:0009451;GO:0006400	GO:0000077;GO:0031570;GO:0000075;GO:0045786	GO:0007268;GO:0098916;GO:0099537;GO:0099536;GO:0007267;GO:0023052	GO:0007155;GO:0022610	GO:0051705;GO:0051704	GO:0003014	GO:0048871;GO:0003091;GO:0050891;GO:0030104;GO:0050878	GO:0002697	GO:0001782	GO:0001974;GO:0048771	GO:0000423;GO:0000422;GO:0061912;GO:0006914;GO:0061726;GO:0016236;GO:0061919;GO:1903008;GO:0022411	GO:0003006	GO:0002084;GO:0035601;GO:0042159;GO:0098734;GO:0098732;GO:0030163;GO:0042157	GO:0006396;GO:0000375;GO:0008380;GO:0016071;GO:0000398;GO:0000377;GO:0006397	GO:0044248;GO:0009056;GO:1901575;GO:0009057	GO:0000963;GO:0000959;GO:0140053;GO:0010467	GO:0000737;GO:0006308	GO:0048468	GO:0002064;GO:0000023;GO:0005984;GO:0009311;GO:0044262;GO:0000022;GO:0051231;GO:0002224;GO:0000354;GO:0000972;GO:0002790;GO:0002943;GO:0003351;GO:0051270;GO:0032940;GO:0043112;GO:0002155;GO:0016050;GO:0003352;GO:0060632;GO:0032886;GO:0001569;GO:0002183;GO:0006413;GO:0002755;GO:0001881;GO:0048666;GO:0001942;GO:0022405;GO:0022404	GO:0001516;GO:0006693;GO:0046457;GO:0006692;GO:0006636;GO:0046456;GO:0006690;GO:0033559;GO:0006633;GO:0008610;GO:0072330;GO:0046394;GO:0016053;GO:0044283;GO:1901570;GO:1901568	GO:0001916;GO:0001912;GO:0001914;GO:0002711;GO:0001910;GO:0031343;GO:0031341;GO:0002854;GO:0002842;GO:0002852;GO:0002839;GO:0002840;GO:0002836;GO:0002837;GO:0002834	GO:0001964;GO:0050905	GO:0002250;GO:0006955	GO:0051707;GO:0043207	GO:1901605;GO:0007288;GO:0035082;GO:0000025;GO:0046352;GO:0009313;GO:0044275;GO:0001659;GO:0002285;GO:0002366;GO:0002042;GO:0043534;GO:0043542;GO:0010631;GO:0001738;GO:0007507;GO:0000454;GO:0009306;GO:0042462;GO:0042461	GO:0090305	GO:0001824	GO:0001541;GO:0048608	GO:0001505;GO:0098657;GO:0001504;GO:0006836	GO:0001654;GO:0007423	GO:0006879;GO:0046916;GO:0055072;GO:0006875;GO:0055076;GO:0030003;GO:0055065;GO:0006873;GO:0055080;GO:0050801;GO:0098771	GO:1903046;GO:0000070;GO:0000819;GO:0098813;GO:0007059;GO:0001933;GO:0031400;GO:0042326;GO:0032269;GO:0051248;GO:0045936;GO:0010563;GO:0001658;GO:0048754;GO:0035239;GO:0061138;GO:0001763;GO:0000184;GO:0000381;GO:0048024;GO:0043484;GO:0050684;GO:1903311;GO:0000723;GO:0032200;GO:0001894;GO:0002218;GO:0002253;GO:0045089;GO:0050778;GO:0002833;GO:0031349;GO:0032103;GO:0043902;GO:0045088;GO:0050776;GO:0002684;GO:0048584;GO:0002831;GO:0031347;GO:0032101;GO:0043900;GO:0080134;GO:0002088;GO:0001775;GO:0001568;GO:0000255;GO:0017144;GO:0000027;GO:0000413;GO:0018208;GO:0018193;GO:0002252	GO:0000460	GO:0002260;GO:0001776;GO:0048872	GO:0001764;GO:0016477;GO:0048870;GO:0040011	GO:0000447;GO:0000479;GO:0000478;GO:0000469;GO:0090502;GO:0090501	GO:0044281;GO:0019752;GO:0043436;GO:0006082;GO:0006631;GO:0032787	GO:0001889;GO:0048732	GO:0001709;GO:0001825;GO:0001952;GO:0010810;GO:0030155;GO:0001958;GO:0036075;GO:0002091;GO:0048261;GO:0045806;GO:0051051;GO:0051129;GO:0001768;GO:0001767;GO:0030010;GO:0007163;GO:0001676;GO:0002221;GO:0002758;GO:0002757;GO:0002764;GO:0001756;GO:0009952;GO:0035282;GO:0003002;GO:0001657;GO:0072164;GO:0035295;GO:0072163;GO:0072073;GO:0060429;GO:0009888;GO:0002230;GO:0050691;GO:0050688;GO:0000050;GO:0019627;GO:0071941;GO:0031667;GO:0009991;GO:0003382;GO:0002520;GO:0003429;GO:0003414;GO:0003422;GO:0090171;GO:0060536;GO:0009887;GO:0002011;GO:0001938;GO:0050679;GO:0008284;GO:0009966;GO:0010646;GO:0001954;GO:0010811;GO:0045785;GO:0000018;GO:0051052;GO:0001656;GO:0002780;GO:0002777;GO:0030488;GO:0002021;GO:0000492;GO:0000491;GO:0002040;GO:0003050	GO:0000028	GO:0001578;GO:0007283;GO:0048232;GO:0007276;GO:0048609;GO:0010842;GO:0008217;GO:0000012;GO:0007389;GO:0042127;GO:0001731;GO:0001835;GO:0035188;GO:0071684;GO:0000002;GO:0048598;GO:0000380;GO:0003180;GO:0003179;GO:0000076;GO:0001755;GO:0001667;GO:0016192;GO:0002092;GO:0048260;GO:0045807;GO:0051050;GO:0051130;GO:0001936;GO:0050678;GO:0001678;GO:0042593;GO:0033500;GO:0001990;GO:0003044;GO:0050886;GO:0003073;GO:0002062;GO:0003143;GO:0060562	GO:0002357;GO:0002347	GO:0001561;GO:0009062;GO:0019395;GO:0044242;GO:0072329;GO:0034440;GO:0016042;GO:0046395;GO:0055114;GO:0016054;GO:0044282	GO:0051726;GO:0000079;GO:0071900;GO:1904029;GO:0045859;GO:0043549;GO:0051338;GO:0050790;GO:0065009	GO:0010529;GO:0010528	GO:0002026	GO:0022607;GO:0071826;GO:0043933;GO:0022618;GO:0034622;GO:0065003	GO:0002526;GO:0006954	GO:0000462;GO:0030490	GO:0001503	GO:0006281;GO:0006974;GO:0033554;GO:0051716;GO:0006310;GO:0000724;GO:0000725;GO:0006302	GO:0001817	GO:0002244;GO:0007605;GO:0050954;GO:0007600;GO:0050877;GO:0022414;GO:0003341;GO:0007018;GO:0001666;GO:0036293;GO:0070482;GO:0009628;GO:0000278;GO:0007049;GO:0001649;GO:0051276;GO:0001701;GO:0043009;GO:0009792;GO:0009790;GO:0007275;GO:0051239;GO:0008016;GO:1903522;GO:0044057;GO:0000902;GO:0032989;GO:0002027	GO:0002682;GO:0048583	GO:0000463;GO:0000470	GO:0002931;GO:0001736;GO:0007164	GO:0033043	GO:0002456;GO:0002449;GO:0002460;GO:0002443;GO:0001913;GO:0001909;GO:0001906	GO:0008285;GO:0001937;GO:0050680	GO:0042221;GO:0000302;GO:0006979;GO:1901700	GO:0000054;GO:0033750;GO:0071428;GO:0031503;GO:0071426;GO:0006405;GO:0006611;GO:0050658;GO:0051168;GO:0050657;GO:0051236;GO:0015931;GO:0006913;GO:0051169	GO:0051179;GO:0051234;GO:0006810	GO:0001554	GO:0001508;GO:0042391	GO:0050912;GO:0050907;GO:0009593;GO:0050906;GO:0051606	GO:0000338;GO:0070646;GO:0006508	GO:0001836;GO:0008637	GO:0001934;GO:0031401;GO:0042327;GO:0032270;GO:0031325;GO:0051247;GO:0009893;GO:0048522;GO:0010604;GO:0051173;GO:0045937;GO:0010562	GO:0000045;GO:0070925;GO:1905037;GO:0007033	GO:0000387	GO:0071695;GO:0021700	GO:0001921;GO:0001919;GO:0023056;GO:0023051	GO:0001822;GO:0048513	GO:0000083	GO:0002090;GO:0048259;GO:0030100;GO:0060627;GO:0051049;GO:0032879	GO:0007154	GO:0006364;GO:0016072;GO:0034470;GO:0034660	GO:0001732	GO:0022412	GO:0000082;GO:0044843;GO:0051641;GO:0071702;GO:0071705;GO:0051649;GO:0000956;GO:0006402;GO:0006401;GO:0034655;GO:0044265;GO:0019439;GO:0044270;GO:0046700;GO:1901361;GO:0002009;GO:0048729	GO:0001682;GO:0099116;GO:0034471;GO:0000966	GO:0002376;GO:0001501;GO:0048731;GO:0007165;GO:0006796;GO:0006793;GO:0001932;GO:0031399;GO:0042325;GO:0032268;GO:0019220;GO:0051174;GO:0051246;GO:0048518;GO:0000165;GO:0023014;GO:0035556;GO:0006468;GO:0016310	GO:0022602;GO:0048511	GO:0000266;GO:0048285	GO:0031118;GO:0000154;GO:0001522	GO:0003009;GO:0006941;GO:0006936;GO:0003012	GO:0003360	GO:0050727	GO:0001975;GO:0009410;GO:0009636;GO:0014075;GO:0097366;GO:0010243;GO:0010033;GO:1901698;GO:0042493	GO:0019725;GO:0001843;GO:0060606;GO:0035148;GO:0000245;GO:0000132;GO:0040001;GO:0051294;GO:0051293;GO:1902850;GO:0051653;GO:0000722;GO:0006312;GO:0000289;GO:0000904;GO:0000038;GO:0055082;GO:0048878;GO:0001570;GO:0002265;GO:0002263;GO:0048143;GO:0061900;GO:0001510;GO:0043414;GO:0032259;GO:0000706;GO:0000729	GO:0000303;GO:0000305;GO:0010035	GO:0051656;GO:0051640;GO:0008104;GO:0033036;GO:0046907;GO:0006886;GO:0015031;GO:0015833;GO:0045184;GO:0042886	GO:0030154;GO:0042592;GO:0000209;GO:0016567;GO:0032446;GO:0070647;GO:0000226;GO:0007010;GO:0006928;GO:0006259;GO:0044772;GO:0044770;GO:0001525;GO:0000086;GO:0044839;GO:0044255;GO:0006629;GO:0009653;GO:0060249;GO:0000281;GO:0061640;GO:0000910;GO:0001523;GO:0016101;GO:0006721;GO:0006720;GO:0003013;GO:0003017	GO:0030098;GO:0002521;GO:0046649;GO:0045321	GO:0006950	GO:0001819;GO:0051240	GO:0048585	GO:0000727	GO:0001947	GO:0030258;GO:0002933	GO:0044249;GO:0009058;GO:0044271;GO:1901576;GO:1901566;GO:0043604;GO:0043603;GO:0002181;GO:0006412;GO:0034645;GO:0043043;GO:0009059;GO:0006518	GO:0001558;GO:0040008;GO:0051128	GO:0006952;GO:0007610;GO:0001662;GO:0002209;GO:0042596;GO:0033555	GO:0034654;GO:0018130;GO:0019438;GO:1901362;GO:0002098;GO:0002097;GO:0000731;GO:0071897	GO:0005975;GO:0016052;GO:0000272;GO:0005976	GO:0000244	GO:0001818;GO:0051241
0	-0.105	0.250	0.000	0.316	0.368	0.556	0.667	0.462	0.200	0.462	0.526	0.286	0.421	-0.526	0.211	0.200	0.286	0.400	0.368	0.273	0.421	0.200	0.000	0.579	0.526	-0.571	-5.842	-2.474	0.250	0.286	0.474	0.632	0.429	0.444	0.375	0.000	0.286	0.526	0.579	0.333	0.500	0.316	0.368	0.429	-1.526	0.333	0.444	-0.316	0.538	-1.474	0.421	0.263	0.583	0.105	0.000	0.500	-1.158	0.000	0.000	-3.842	0.143	0.368	-0.053	-1.526	0.500	-3.158	-0.368	0.529	0.368	0.000	0.333	0.222	0.526	0.583	-2.895	0.000	0.333	0.600	0.579	0.000	-0.158	-0.579	0.684	0.200	0.684	-0.947	0.545	0.158	0.429	-0.421	0.583	0.471	-1.053	0.000	-3.684	0.615	0.438	0.600	0.167	0.438	0.200	0.444	0.000	0.286	0.000	-7.526	0.333	-6.263	0.333	0.333	0.455	0.286	0.368	-1.632	-0.579	-0.632	0.368	0.368	0.500	0.167
-0.105	0	-1.375	-2.167	0.071	0.038	-0.889	-0.200	-0.462	-2.400	-0.538	-0.100	-1.571	0.226	0.236	0.404	-2.400	-1.571	-0.900	-0.136	-0.909	0.172	-2.400	-2.600	-0.667	0.267	-1.714	-1.600	-0.527	-1.375	-1.571	-0.095	0.636	-0.429	-1.000	-1.250	0.238	-1.571	0.296	0.000	-1.833	-0.583	0.527	-0.087	-1.429	-0.109	-1.833	-1.000	0.309	-0.462	0.073	-0.043	0.509	-0.500	0.291	-2.167	-0.062	0.018	-2.600	-2.167	-0.909	-1.714	0.138	0.312	-0.109	-0.429	-0.673	0.291	-0.235	0.286	-2.167	-1.111	-1.222	0.353	-0.500	-0.582	-2.600	-1.833	-0.700	0.000	-2.833	0.364	0.218	0.174	-2.400	0.000	0.091	-0.636	0.256	-1.429	0.273	-0.500	-0.294	0.055	-2.167	-0.855	-0.385	-1.062	-0.267	-2.000	-0.375	-2.400	-1.000	0.418	-1.571	0.418	-2.182	-0.750	-1.745	-1.111	-1.833	-0.727	-1.571	0.342	-0.127	0.218	0.200	0.250	0.265	-0.583	-2.000
0.250	-1.375	0	0.333	-0.375	-0.250	0.750	0.625	0.500	0.600	0.375	0.125	0.571	-0.125	-2.375	-0.625	0.600	0.571	0.500	-0.250	0.250	-0.125	0.600	0.400	0.250	0.125	0.429	-15.000	-5.875	0.500	0.571	0.000	0.375	0.375	0.625	0.625	-1.125	0.571	0.500	0.250	0.667	0.500	-0.375	-0.250	0.714	-4.750	0.667	0.625	-1.875	0.500	-3.500	-0.125	-0.500	0.625	-0.875	0.333	0.750	-3.875	0.400	0.333	-10.250	0.429	-0.250	-1.250	-4.750	0.375	-9.000	-2.000	0.250	-0.250	0.333	0.500	0.375	0.125	0.625	-8.000	0.400	0.667	0.750	0.250	0.333	-1.500	-2.500	0.500	0.600	0.500	-3.375	0.625	-0.750	0.714	-2.125	0.625	0.125	-3.625	0.333	-9.875	0.625	0.125	0.500	0.500	0.125	0.600	0.625	-1.500	0.571	-1.125	-19.750	0.250	-16.000	0.500	0.667	0.500	0.571	-0.250	-4.875	-2.500	-2.625	-0.125	-0.250	0.500	0.500
0.000	-2.167	0.333	0	-0.833	-0.667	0.667	0.500	0.333	0.600	0.167	-0.167	0.500	-0.500	-3.500	-1.167	0.600	0.500	0.333	-0.667	0.000	-0.500	0.600	0.400	0.000	-0.167	0.333	-20.333	-8.167	0.333	0.500	-0.333	0.167	0.167	0.500	0.500	-1.833	0.500	0.333	0.000	0.667	0.333	-0.833	-0.667	0.667	-6.667	0.667	0.500	-2.833	0.333	-5.000	-0.500	-1.000	0.500	-1.500	0.333	0.667	-5.500	0.400	0.333	-14.000	0.333	-0.667	-2.000	-6.667	0.167	-11.833	-3.000	0.000	-0.667	0.333	0.333	0.167	-0.167	0.500	-11.000	0.400	0.667	0.667	0.000	0.333	-2.333	-3.667	0.333	0.600	0.333	-4.833	0.500	-1.333	0.667	-3.167	0.500	-0.167	-5.167	0.333	-13.500	0.500	-0.167	0.333	0.500	-0.167	0.600	0.500	-1.833	0.500	-1.833	-25.667	0.000	-21.667	0.333	0.667	0.333	0.500	-0.667	-6.833	-3.667	-3.833	-0.500	-0.667	0.333	0.500
0.316	0.071	-0.375	-0.833	0	0.346	0.000	0.333	0.154	-0.800	-0.385	0.300	-0.429	0.429	-0.214	0.286	-0.800	-0.429	-0.500	0.227	-0.182	0.429	-0.800	-1.000	0.381	0.500	-0.571	-3.821	-1.214	-0.375	-0.429	0.286	0.571	0.143	-0.111	-1.125	0.071	-1.286	0.593	0.381	-0.500	0.083	0.357	0.261	-0.286	-0.964	-0.500	-0.111	-0.071	0.154	-0.536	0.304	0.107	0.167	0.214	-0.833	0.438	-0.643	-1.000	-0.833	-2.464	-0.571	0.393	0.107	-0.964	0.143	-2.250	-0.179	0.235	0.393	-0.833	-0.222	-0.333	0.321	0.167	-1.821	-1.000	-0.500	0.100	0.381	-0.833	0.000	-0.250	0.522	-0.800	0.421	-0.500	0.091	0.250	-0.571	-0.143	0.167	0.176	-0.571	-0.833	-2.464	0.231	0.125	0.267	-0.667	0.125	-0.800	-0.444	0.143	-0.571	0.143	-4.964	-0.083	-4.214	-0.222	-0.500	0.000	-0.429	0.393	-0.929	-0.250	-0.357	0.429	0.393	0.083	-0.667
0.368	0.038	-0.250	-0.667	0.346	0	0.111	0.400	0.231	-0.600	0.154	0.350	-0.286	0.423	-0.269	0.269	-0.600	-0.286	0.000	0.273	-0.091	0.423	-0.600	-0.800	0.429	0.500	-0.429	-4.154	-1.346	-0.250	-0.286	0.333	0.346	0.214	0.000	-0.125	0.115	-0.286	0.538	0.429	-0.333	0.167	0.346	0.304	-0.143	-1.000	-0.333	0.000	-0.115	0.231	-0.615	0.348	0.308	0.250	0.115	-0.667	0.500	-0.731	-0.800	-0.667	-2.692	-0.429	0.385	0.077	-1.000	0.214	-2.192	-0.154	0.294	0.385	-0.667	-0.111	-0.222	0.500	0.250	-2.692	-0.800	-0.333	0.200	0.429	-0.667	0.000	-0.308	0.565	-0.600	0.474	-0.577	0.182	0.231	-0.143	-0.192	0.250	0.235	-0.808	-0.667	-2.577	0.308	0.188	0.333	-0.500	0.188	-0.600	0.000	0.115	-0.286	-0.038	-5.385	0.000	-4.462	-0.111	-0.333	0.091	-0.286	0.385	-1.038	-0.308	-0.346	0.423	0.385	0.167	-0.500
0.556	-0.889	0.750	0.667	0.000	0.111	0	0.889	0.778	1.000	0.667	0.444	0.857	0.222	-1.778	-0.222	1.000	0.857	0.778	0.111	0.556	0.222	1.000	0.800	0.556	0.444	0.714	-13.000	-4.889	0.750	0.857	0.333	0.667	0.667	0.889	0.875	-0.667	0.857	0.778	0.556	1.000	0.778	0.000	0.111	1.000	-3.889	1.000	0.889	-1.333	0.778	-2.778	0.222	-0.111	0.889	-0.444	0.667	1.000	-3.111	0.800	0.667	-8.778	0.714	0.111	-0.778	-3.889	0.667	-7.333	-1.444	0.556	0.111	0.667	0.778	0.667	0.444	0.889	-6.778	0.800	1.000	1.000	0.556	0.667	-1.000	-1.889	0.778	1.000	0.778	-2.667	0.889	-0.333	1.000	-1.556	0.889	0.444	-2.889	0.667	-9.444	0.889	0.444	0.778	0.833	0.444	1.000	0.889	-0.667	0.857	-0.667	-16.556	0.556	-13.889	0.778	1.000	0.778	0.857	0.111	-4.000	-1.889	-2.000	0.222	0.111	0.778	0.833
0.667	-0.200	0.625	0.500	0.333	0.400	0.889	0	0.769	0.800	0.692	0.600	0.714	0.467	-0.733	0.200	0.800	0.714	0.700	0.400	0.545	-0.400	0.800	0.600	0.667	0.600	0.571	-7.467	-2.600	0.625	0.714	0.533	0.733	0.714	-0.111	0.750	-0.067	0.714	0.800	0.667	0.833	0.750	0.333	0.400	0.857	-2.933	0.833	0.778	-0.467	0.769	-1.333	0.467	0.267	0.833	0.067	0.500	0.933	-1.533	0.600	0.500	-4.933	0.571	0.400	-0.133	-2.000	0.714	-4.067	-1.467	0.667	0.400	0.500	0.667	0.556	0.600	0.833	-3.733	0.600	0.833	0.900	0.667	0.500	-0.267	-0.800	0.800	0.800	0.800	-1.267	0.818	0.133	0.857	-0.600	0.833	0.600	-1.400	0.500	-5.533	0.846	0.600	0.800	0.667	0.600	0.800	0.778	-0.067	0.714	-0.067	-9.600	0.583	-8.000	0.667	0.833	0.727	0.714	0.400	-2.067	-0.800	-0.867	0.467	0.400	0.750	0.667
0.462	-0.462	0.500	0.333	0.154	0.231	0.778	0.769	0	0.600	0.615	0.462	0.143	0.308	-1.077	0.000	0.600	0.571	0.600	0.231	0.455	0.308	0.600	0.400	0.538	0.462	0.429	-8.846	-3.462	0.500	0.571	0.385	0.615	0.538	0.667	0.625	-0.308	0.571	0.615	0.538	0.667	0.667	-0.615	0.231	0.714	-2.769	0.667	0.667	-0.769	0.692	-1.846	0.308	0.077	0.750	-0.154	0.333	0.846	-2.000	0.400	0.333	-5.923	0.429	0.231	-0.385	-2.538	0.615	-4.923	-0.846	0.538	0.231	0.333	0.556	0.444	0.462	0.750	-4.538	0.400	0.667	0.800	0.538	0.333	-0.538	-1.154	0.692	0.600	0.692	-1.692	0.727	-0.077	0.714	-0.923	0.750	0.462	-1.846	0.333	-5.692	0.769	0.462	0.692	0.500	0.462	0.600	0.667	-0.308	0.571	-0.308	-11.308	0.500	-9.462	0.556	0.667	0.636	0.571	0.231	-2.846	-1.154	-1.231	0.077	0.231	0.667	0.500
0.200	-2.400	0.600	0.600	-0.800	-0.600	1.000	0.800	0.600	0	0.400	0.000	0.800	-0.400	-4.000	-1.200	1.000	0.800	0.600	-0.600	0.200	-0.400	1.000	0.800	0.200	0.000	0.600	-24.200	-9.600	0.600	0.800	-0.200	0.400	0.400	0.800	0.800	-2.000	0.800	0.600	0.200	1.000	0.600	-0.800	-0.600	1.000	-7.800	1.000	0.800	-3.200	0.600	-5.800	-0.400	-1.000	0.800	-1.600	0.600	1.000	-6.400	0.800	0.600	-16.600	0.600	-0.600	-2.200	-7.800	0.400	-14.000	-3.400	0.200	-0.600	0.600	0.600	0.400	0.000	0.800	-13.000	0.800	1.000	1.000	0.200	0.600	-2.600	-4.200	0.600	1.000	0.600	-5.600	0.800	-1.400	1.000	-3.600	0.800	0.000	-6.000	0.600	-16.000	0.800	0.000	0.600	0.800	0.000	1.000	0.800	-2.000	0.800	-2.000	-30.600	0.200	-25.800	0.600	1.000	0.600	0.800	-0.600	-8.000	-4.200	-4.400	-0.400	-0.600	0.600	0.800
0.462	-0.538	0.375	0.167	-0.385	0.154	0.667	0.692	0.615	0.400	0	0.385	0.429	0.231	-1.154	-0.077	0.400	0.429	0.100	0.154	0.364	0.231	0.400	0.200	0.462	0.385	0.286	-8.923	-3.308	0.375	0.429	0.308	0.538	0.538	0.556	0.500	-0.538	-0.429	0.615	0.462	0.500	0.583	0.077	0.154	0.571	-2.769	0.500	0.556	-0.846	0.615	-1.846	0.231	0.000	0.667	-0.231	-0.500	0.769	-2.077	0.200	0.167	-6.000	0.286	0.154	-0.462	-2.615	0.538	-5.000	-1.077	0.462	0.154	0.167	0.444	0.333	0.231	0.667	-4.615	0.200	0.500	0.700	0.462	0.167	-0.615	-1.231	0.615	0.400	0.615	-1.769	0.636	-0.154	0.571	-1.000	0.667	0.385	-1.923	0.167	-5.923	0.692	0.385	0.615	0.333	0.385	0.400	0.333	-0.385	0.429	-0.385	-11.385	0.417	-10.000	0.444	0.500	0.545	0.429	0.154	-2.692	-1.231	-1.769	0.231	0.154	0.583	0.333
0.526	-0.100	0.125	-0.167	0.300	0.350	0.444	0.600	0.462	0.000	0.385	0	0.143	0.400	-0.500	0.200	0.000	0.143	0.300	0.350	0.182	0.400	0.000	-0.200	0.550	0.500	0.000	-5.550	-1.900	0.125	0.143	0.450	0.600	0.429	0.333	0.250	0.000	0.143	0.650	0.550	0.167	0.417	0.300	0.350	0.286	-2.200	0.167	0.333	-0.300	0.462	-0.950	0.400	0.250	0.500	0.100	-0.167	0.688	-1.100	-0.200	-0.167	-3.700	0.000	0.350	-0.050	-1.500	0.429	-3.750	-0.350	0.471	0.350	-0.167	0.222	0.111	0.500	0.500	-2.750	-0.200	0.167	0.500	0.550	-0.167	-0.150	-0.550	0.650	0.000	0.632	-0.900	0.455	0.150	0.286	-0.400	0.500	0.412	-1.000	-0.167	-3.500	0.538	0.375	0.533	0.000	0.375	0.000	0.333	0.000	0.143	0.000	-7.300	0.250	-6.000	0.222	0.167	0.364	0.143	0.350	-1.600	-0.550	-0.600	0.300	0.350	0.417	0.000
0.286	-1.571	0.571	0.500	-0.429	-0.286	0.857	0.714	0.143	0.800	0.429	0.143	0	-0.143	-2.714	-0.714	0.800	0.714	0.571	-0.286	0.286	-0.143	0.800	0.600	0.286	0.143	0.571	-17.143	-7.143	0.571	0.714	0.000	0.429	0.429	0.714	0.714	-1.286	0.714	0.571	0.286	0.833	0.571	-0.857	-0.286	0.857	-5.857	0.833	0.714	-2.143	0.571	-4.000	-0.143	-0.571	0.714	-1.000	0.500	0.857	-4.429	0.600	0.500	-11.714	0.571	-0.286	-1.429	-5.429	0.429	-9.857	-2.286	0.286	-0.286	0.500	0.571	0.429	0.143	0.714	-9.143	0.600	0.833	0.857	-0.143	0.500	-1.714	-2.857	0.571	0.800	0.571	-3.857	0.714	-0.857	0.857	-2.429	0.714	0.143	-4.143	0.500	-11.286	0.714	0.143	0.571	0.667	0.143	0.800	0.714	-1.286	0.714	-1.286	-21.714	0.286	-18.286	0.571	0.833	0.571	0.714	-0.286	-6.000	-2.857	-3.000	-0.143	-0.286	0.571	0.667
0.421	0.226	-0.125	-0.500	0.429	0.423	0.222	0.467	0.308	-0.400	0.231	0.400	-0.143	0	-0.032	0.419	-0.400	-0.143	0.100	0.318	0.000	0.517	-0.400	-0.600	0.476	0.600	-0.286	-3.290	-0.935	-0.125	-0.143	0.381	0.677	0.286	0.111	0.000	0.290	-0.143	0.667	0.476	-0.167	0.250	0.484	0.348	0.000	-0.645	-0.167	0.111	0.097	0.308	-0.323	0.391	0.452	0.333	0.355	-0.500	0.562	-0.419	-0.600	-0.500	-2.065	-0.286	0.483	0.258	-0.645	0.286	-1.645	0.065	0.353	0.516	-0.500	0.000	-0.111	0.613	0.333	-2.258	-0.600	-0.167	0.300	0.476	-0.500	0.194	-0.065	0.609	-0.400	0.526	-0.290	0.273	0.387	0.000	0.032	0.333	0.294	-1.000	-0.500	-1.968	0.385	0.250	0.400	-0.333	0.250	-0.400	0.111	0.290	-0.143	0.290	-4.323	0.083	-3.548	0.000	-0.167	0.182	-0.143	0.516	-0.677	-0.065	-0.097	0.548	0.516	0.250	-0.333
-0.526	0.236	-2.375	-3.500	-0.214	-0.269	-1.778	-0.733	-1.077	-4.000	-1.154	-0.500	-2.714	-0.032	0	0.234	-4.000	-2.714	-1.700	-0.500	-1.636	-0.103	-4.000	-4.200	-0.381	0.000	-2.857	-1.779	-0.147	-2.375	-2.714	-0.476	0.516	-1.000	-1.889	-2.250	0.048	-2.714	-0.111	-0.381	-3.167	-1.250	0.393	-0.435	-2.571	-0.015	-3.167	-1.889	0.324	-1.077	0.132	-0.391	0.397	-1.167	0.441	-3.500	-0.562	0.088	-4.200	-3.500	-0.662	-2.857	-0.138	0.146	-0.015	-1.000	-0.471	0.309	-0.706	0.057	-3.500	-2.000	-2.111	0.118	-1.167	-0.397	-4.200	-3.167	-1.500	-0.381	-3.500	0.338	0.250	-0.174	-4.000	-0.421	0.147	-1.364	0.051	-2.571	-0.265	-1.167	-0.765	0.118	-4.000	-0.618	-1.000	-0.875	-1.667	-3.333	-0.875	-4.000	-1.889	0.221	-2.714	0.322	-1.691	-1.417	-1.338	-2.000	-3.167	-1.455	-2.714	0.132	-0.029	0.250	0.235	-0.375	0.029	-1.250	-3.333
0.211	0.404	-0.625	-1.167	0.286	0.269	-0.222	0.200	0.000	-1.200	-0.077	0.200	-0.714	0.419	0.234	0	-1.200	-0.714	-0.300	0.136	-0.364	0.379	-1.200	-1.400	0.286	0.467	-0.857	-1.915	-0.362	-0.625	-0.714	0.190	0.702	0.000	-0.333	-0.500	0.381	-0.714	0.519	0.286	-0.833	-0.083	0.574	0.174	-0.571	-0.170	-0.833	-0.333	0.319	0.000	0.043	0.217	0.553	0.000	0.277	-1.167	0.312	-0.787	-1.400	-1.167	-1.106	-0.857	0.345	0.426	-0.702	0.000	-0.830	0.298	0.118	0.457	-1.167	-0.444	-0.556	0.529	0.000	-0.723	-1.400	-0.833	-0.100	0.286	-1.167	0.383	0.213	0.435	-1.200	0.316	0.064	-0.091	0.410	-0.571	0.277	0.000	0.059	0.021	-1.167	-1.043	0.077	0.000	0.133	-1.000	0.000	-1.200	-0.333	0.447	-0.714	0.447	-2.596	-0.250	-2.617	-0.444	-0.833	-0.182	-0.714	0.500	-0.191	0.213	0.191	0.438	0.441	-0.083	-1.000
0.200	-2.400	0.600	0.600	-0.800	-0.600	1.000	0.800	0.600	1.000	0.400	0.000	0.800	-0.400	-4.000	-1.200	0	0.800	0.600	-0.600	0.200	-0.400	1.000	0.800	0.200	0.000	0.600	-24.200	-9.600	0.600	0.800	-0.200	0.400	0.400	0.800	0.800	-2.000	0.800	0.600	0.200	1.000	0.600	-0.800	-0.600	1.000	-7.800	1.000	0.800	-3.200	0.600	-5.800	-0.400	-1.000	0.800	-1.600	0.600	1.000	-6.400	0.800	0.600	-16.600	0.600	-0.600	-2.200	-7.800	0.400	-14.000	-3.400	0.200	-0.600	0.600	0.600	0.400	0.000	0.800	-13.000	0.800	1.000	1.000	0.200	0.600	-2.600	-4.200	0.600	1.000	0.600	-5.600	0.800	-1.400	0.000	-3.600	0.800	0.000	-6.000	0.600	-16.000	0.800	0.000	0.600	0.800	0.000	1.000	0.800	-2.000	0.800	-2.000	-30.600	0.200	-25.800	0.600	1.000	0.600	0.800	-0.600	-8.000	-4.200	-4.400	-0.400	-0.600	0.600	0.800
0.286	-1.571	0.571	0.500	-0.429	-0.286	0.857	0.714	0.571	0.800	0.429	0.143	0.714	-0.143	-2.714	-0.714	0.800	0	0.571	-0.286	0.286	-0.143	0.800	0.600	0.286	0.143	0.571	-17.143	-6.714	0.571	0.714	0.000	0.429	0.429	0.714	0.714	-1.286	0.714	0.571	0.286	0.833	0.571	-0.429	-0.286	0.857	-5.429	0.833	0.714	-2.143	0.571	-4.000	-0.143	-0.571	0.714	-1.000	0.500	0.857	-4.429	0.600	0.500	-11.714	0.571	-0.286	-1.429	-5.429	0.429	-9.857	-2.286	0.286	-0.286	0.500	0.571	0.429	0.143	0.714	-9.143	0.600	0.833	0.857	0.286	0.500	-1.714	-2.857	0.571	0.800	0.571	-3.857	0.714	-0.857	0.857	-2.429	0.714	0.143	-4.143	0.500	-11.286	0.714	0.143	0.571	0.667	0.143	0.800	0.714	-1.286	0.714	-1.286	-21.714	0.286	-18.286	0.571	0.833	0.571	0.714	-0.286	-5.571	-2.857	-3.000	-0.143	-0.286	0.571	0.667
0.400	-0.900	0.500	0.333	-0.500	0.000	0.778	0.700	0.600	0.600	0.100	0.300	0.571	0.100	-1.700	-0.300	0.600	0.571	0	0.000	0.400	0.100	0.600	0.400	0.400	0.300	0.429	-11.800	-4.500	0.500	0.571	0.200	0.500	0.500	0.667	0.625	-0.900	0.000	0.600	0.400	0.667	0.600	-0.100	0.000	0.714	-3.800	0.667	0.667	-1.300	0.600	-2.600	0.100	-0.200	0.700	-0.500	0.333	0.800	-2.900	0.400	0.333	-8.000	0.429	0.000	-0.800	-3.600	0.500	-6.700	-1.600	0.400	0.000	0.333	0.556	0.444	0.300	0.700	-6.200	0.400	0.667	0.800	0.400	0.333	-1.000	-1.800	0.600	0.600	0.600	-2.500	0.700	-0.400	0.714	-1.500	0.700	0.300	-2.700	0.333	-7.900	0.700	0.300	0.600	0.500	0.300	0.600	0.667	-0.700	0.571	-0.700	-15.000	0.400	-12.800	0.556	0.667	0.600	0.571	0.000	-3.700	-1.800	-2.500	0.100	0.000	0.600	0.500
0.368	-0.136	-0.250	-0.667	0.227	0.273	0.111	0.400	0.231	-0.600	0.154	0.350	-0.286	0.318	-0.500	0.136	-0.600	-0.286	0.000	0	-0.455	0.318	-0.600	-0.800	0.429	0.409	-0.429	-5.091	-1.773	-0.250	-0.286	0.333	0.500	0.214	0.000	-0.125	-0.045	-0.286	0.545	0.429	-0.333	0.167	0.227	0.273	-0.143	-1.364	-0.333	0.000	-0.318	0.231	-0.909	0.318	0.182	0.250	0.045	-0.667	0.500	-1.045	-0.800	-0.667	-3.364	-0.429	0.273	-0.091	-1.364	0.214	-2.818	-0.364	0.294	0.273	-0.667	-0.111	-0.222	0.409	0.250	-2.545	-0.800	-0.333	0.200	0.429	-0.667	-0.182	-0.545	0.545	-0.600	0.474	-0.864	0.182	0.091	-0.143	-0.409	0.250	0.235	-0.955	-0.667	-3.227	0.308	0.188	0.333	-0.500	0.188	-0.600	0.000	-0.227	-0.286	-0.045	-6.727	0.000	-5.455	-0.111	-0.333	0.091	-0.286	0.273	-1.409	-0.545	-0.591	0.318	0.273	0.167	-0.500
0.273	-0.909	0.250	0.000	-0.182	-0.091	0.556	0.545	0.455	0.200	0.364	0.182	0.286	0.000	-1.636	-0.364	0.200	0.286	0.400	-0.455	0	0.000	0.200	0.000	0.273	0.182	0.143	-10.818	-4.182	0.250	0.286	0.091	0.364	0.364	0.444	0.375	-0.727	0.286	0.182	0.273	0.333	0.455	-0.182	-0.091	0.429	-3.364	0.333	0.444	-1.273	0.455	-2.455	0.000	-0.273	0.545	-0.545	0.000	0.636	-2.727	0.000	0.000	-7.364	0.143	-0.091	-0.818	-3.364	0.364	-6.182	-1.364	0.273	-0.091	0.000	0.333	0.222	0.182	0.545	-5.727	0.000	0.333	0.600	0.273	0.000	-1.000	-1.727	0.455	0.200	0.455	-2.364	0.545	-0.455	0.429	-1.455	0.545	0.182	-2.545	0.000	-7.091	0.545	0.182	0.455	0.167	0.182	0.200	0.444	-1.091	0.286	-0.727	-14.364	0.273	-11.545	0.333	0.333	0.455	0.286	-0.091	-3.455	-1.727	-1.818	0.000	-0.091	0.455	0.167
0.421	0.172	-0.125	-0.500	0.429	0.423	0.222	-0.400	0.308	-0.400	0.231	0.400	-0.143	0.517	-0.103	0.379	-0.400	-0.143	0.100	0.318	0.000	0	-0.400	-0.600	0.476	0.586	-0.286	-3.586	-1.069	-0.125	-0.143	0.381	0.655	0.286	-0.778	0.000	0.241	-0.143	0.667	0.476	-0.167	0.250	0.448	0.348	0.000	-1.483	-0.167	0.111	0.034	0.308	-0.414	0.391	0.138	0.333	0.310	-0.500	0.562	-0.517	-0.600	-0.500	-2.276	-0.286	0.483	0.207	-0.759	0.286	-1.828	-0.759	0.353	0.483	-0.500	0.000	-0.111	0.586	0.333	-1.655	-0.600	-0.167	0.300	0.476	-0.500	0.138	-0.138	0.609	-0.400	0.526	-0.379	0.273	0.345	0.000	-0.034	0.333	0.294	-0.448	-0.500	-2.586	0.385	0.250	0.400	-0.333	0.250	-0.400	0.111	0.241	-0.143	0.241	-4.690	0.083	-3.862	0.000	-0.167	0.182	-0.143	0.483	-0.793	-0.138	-0.172	0.517	0.483	0.250	-0.333
0.200	-2.400	0.600	0.600	-0.800	-0.600	1.000	0.800	0.600	1.000	0.400	0.000	0.800	-0.400	-4.000	-1.200	1.000	0.800	0.600	-0.600	0.200	-0.400	0	0.800	0.200	0.000	0.600	-24.200	-9.600	0.600	0.800	-0.200	0.400	0.400	0.800	0.800	-2.000	0.800	0.600	0.200	1.000	0.600	-0.800	-0.600	1.000	-7.800	1.000	-0.200	-3.200	0.600	-5.800	-0.400	-1.000	0.800	-1.600	0.600	1.000	-6.400	0.800	0.600	-16.600	0.600	-0.600	-2.200	-7.800	0.400	-14.000	-3.400	0.200	-0.600	0.600	0.600	0.400	0.000	0.800	-13.000	0.800	1.000	1.000	0.200	0.600	-2.600	-4.200	0.600	1.000	0.600	-5.600	0.800	-1.400	1.000	-3.600	0.800	0.000	-6.000	0.600	-17.000	0.800	0.000	0.600	0.800	0.000	1.000	0.800	-2.000	0.800	-2.000	-31.600	0.200	-25.800	0.600	1.000	0.600	0.800	-0.600	-8.000	-4.200	-4.400	-0.400	-0.600	0.600	0.800
0.000	-2.600	0.400	0.400	-1.000	-0.800	0.800	0.600	0.400	0.800	0.200	-0.200	0.600	-0.600	-4.200	-1.400	0.800	0.600	0.400	-0.800	0.000	-0.600	0.800	0	0.000	-0.200	0.400	-24.400	-9.800	0.400	0.600	-0.400	0.200	0.200	0.600	0.600	-2.200	0.600	0.400	0.000	0.800	0.400	-1.000	-0.800	0.800	-8.000	0.800	0.600	-3.400	0.400	-6.000	-0.600	-1.200	0.600	-1.800	0.400	0.800	-6.600	0.600	0.400	-16.800	0.400	-0.800	-2.400	-8.000	0.200	-14.200	-3.600	0.000	-0.800	0.400	0.400	0.200	-0.200	0.600	-13.200	0.600	0.800	0.800	0.000	0.400	-2.800	-4.400	0.400	0.800	0.400	-5.800	0.600	-1.600	0.800	-3.800	0.600	-0.200	-6.200	0.400	-16.200	0.600	-0.200	0.400	0.600	-0.200	0.800	0.600	-2.200	0.600	-2.200	-30.800	0.000	-26.000	0.400	0.800	0.400	0.600	-0.800	-8.200	-4.400	-4.600	-0.600	-0.800	0.400	0.600
0.579	-0.667	0.250	0.000	0.381	0.429	0.556	0.667	0.538	0.200	0.462	0.550	0.286	0.476	-0.381	0.286	0.200	0.286	0.400	0.429	0.273	0.476	0.200	0.000	0	0.571	0.143	-5.190	-2.429	0.250	0.286	0.524	0.667	0.500	0.444	0.375	0.095	0.286	0.714	0.619	0.333	0.500	0.381	0.429	0.429	-1.286	0.333	0.444	-0.190	0.538	-0.810	0.476	0.333	0.583	0.190	0.000	0.750	-0.952	0.000	0.000	-3.476	0.143	0.429	0.048	-1.286	0.500	-2.762	-0.238	0.529	0.429	0.000	0.333	0.222	0.571	0.583	-2.524	0.000	0.333	0.600	0.619	0.000	-0.048	-0.429	0.714	0.200	0.684	-0.762	0.545	0.238	0.429	-0.286	0.583	0.471	-0.857	0.000	-3.238	0.615	0.438	0.600	0.167	0.438	0.200	0.444	0.095	0.286	0.095	-6.714	0.333	-5.571	0.333	0.333	0.455	0.286	0.429	-1.333	-0.429	-0.476	0.476	0.429	0.500	0.167
0.526	0.267	0.125	-0.167	0.500	0.500	0.444	0.600	0.462	0.000	0.385	0.500	0.143	0.600	0.000	0.467	0.000	0.143	0.300	0.409	0.182	0.586	0.000	-0.200	0.571	0	0.000	-3.367	-0.933	0.125	0.143	0.381	0.633	0.429	0.333	0.250	0.333	0.143	0.630	0.571	0.167	-0.417	0.533	0.435	0.286	-0.633	0.167	0.333	0.133	0.462	-0.300	0.478	0.500	0.500	0.267	-0.167	0.688	-0.400	-0.200	-0.167	-2.300	0.000	0.552	0.300	-0.633	0.429	-2.500	0.100	0.471	0.567	-0.167	0.222	0.111	0.667	0.500	-1.500	-0.200	0.167	0.500	0.571	-0.167	0.233	-0.133	0.696	-0.600	0.632	-0.300	0.455	0.433	0.286	0.067	0.500	-0.235	-0.333	-0.167	-2.000	0.462	0.375	0.533	0.000	0.375	0.000	0.333	0.333	0.143	0.333	-4.533	0.250	-3.633	0.222	0.167	0.364	0.143	0.567	-0.667	-0.033	-0.067	0.600	0.567	0.417	0.000
-0.571	-1.714	0.429	0.333	-0.571	-0.429	0.714	0.571	0.429	0.600	0.286	0.000	0.571	-0.286	-2.857	-0.857	0.600	0.571	0.429	-0.429	0.143	-0.286	0.600	0.400	0.143	0.000	0	-17.286	-7.571	0.429	0.571	-0.143	0.286	0.286	0.571	0.571	-1.429	0.571	0.429	0.143	0.667	0.429	-0.571	-0.429	0.714	-5.571	0.667	0.571	-2.286	0.429	-4.143	-0.286	-0.714	0.571	-1.143	0.333	0.714	-4.571	0.400	0.333	-11.857	0.429	-0.429	-1.571	-5.571	0.286	-10.000	-2.429	0.143	-0.429	0.333	0.429	0.286	0.000	0.571	-9.286	0.400	0.667	0.714	0.143	0.333	-1.857	-3.000	0.429	0.600	0.429	-4.000	0.571	-1.000	0.714	-2.571	0.571	0.000	-4.286	0.333	-11.429	0.571	0.000	0.429	0.500	0.000	0.600	0.571	-1.429	0.571	-1.429	-21.857	0.143	-18.429	0.429	0.667	0.429	0.571	-0.429	-5.714	-3.000	-3.143	-0.286	-0.429	0.429	0.500
-5.842	-1.600	-15.000	-20.333	-3.821	-4.154	-13.000	-7.467	-8.846	-24.200	-8.923	-5.550	-17.143	-3.290	-1.779	-1.915	-24.200	-17.143	-11.800	-5.091	-10.818	-3.586	-24.200	-24.400	-5.190	-3.367	-17.286	0	-0.354	-15.625	-17.143	-5.286	-1.062	-8.214	-13.111	-14.875	-2.357	-17.143	-3.852	-5.238	-20.000	-9.667	-1.411	-4.826	-17.000	0.472	-21.000	-13.111	-0.729	-8.923	-0.739	-4.783	-0.068	-9.583	0.103	-20.333	-6.875	-0.538	-24.400	-20.333	0.161	-17.286	-4.345	-1.958	-0.278	-8.214	0.458	-1.027	-7.412	-2.829	-20.333	-13.222	-13.333	-2.853	-9.583	-0.032	-24.400	-20.000	-11.600	-5.190	-20.333	-1.215	-1.000	-4.565	-24.200	-5.737	-0.195	-10.545	-2.538	-17.000	-1.223	-9.583	-6.706	0.113	-21.000	0.431	-8.769	-7.188	-8.333	-20.167	-7.188	-24.200	-13.111	-0.006	-17.143	-1.390	0.232	-9.833	0.255	-13.222	-20.000	-10.636	-17.143	-2.526	-0.069	-0.900	-1.068	-3.531	-2.941	-9.667	-20.167
-2.474	-0.527	-5.875	-8.167	-1.214	-1.346	-4.889	-2.600	-3.462	-9.600	-3.308	-1.900	-7.143	-0.935	-0.147	-0.362	-9.600	-6.714	-4.500	-1.773	-4.182	-1.069	-9.600	-9.800	-2.429	-0.933	-7.571	-0.354	0	-6.000	-7.571	-1.810	0.094	-3.000	-5.000	-5.750	-0.619	-6.714	-1.111	-2.000	-7.833	-3.583	-0.161	-1.652	-6.571	0.232	-7.833	-5.000	0.129	-3.231	-0.098	-1.609	0.526	-3.500	0.598	-8.167	-3.312	0.151	-9.800	-8.167	0.140	-6.857	-1.103	-0.438	0.271	-3.000	0.220	-0.027	-2.353	-0.743	-8.167	-5.111	-5.222	-0.706	-3.500	0.250	-9.800	-7.833	-4.300	-1.762	-8.167	-0.092	-0.039	-1.391	-9.600	-1.895	0.353	-3.909	-0.667	-6.571	0.262	-3.500	-2.412	0.159	-8.167	0.159	-3.154	-2.625	-2.667	-8.000	-2.625	-9.600	-5.000	0.506	-6.714	-0.153	-0.402	-3.750	-0.140	-5.111	-7.833	-4.000	-6.714	-0.868	0.387	0.012	-0.081	-0.875	-1.441	-3.583	-8.000
0.250	-1.375	0.500	0.333	-0.375	-0.250	0.750	0.625	0.500	0.600	0.375	0.125	0.571	-0.125	-2.375	-0.625	0.600	0.571	0.500	-0.250	0.250	-0.125	0.600	0.400	0.250	0.125	0.429	-15.625	-6.000	0	0.571	0.000	0.375	0.375	0.625	0.625	-1.125	0.571	0.500	0.250	0.667	0.500	-0.375	-0.250	0.714	-4.750	0.667	0.625	-1.875	0.500	-3.500	-0.125	-0.500	0.625	-0.875	0.333	0.750	-3.875	0.400	0.333	-10.250	0.429	-0.250	-1.250	-4.750	0.375	-8.625	-2.000	0.250	-0.250	0.333	0.500	0.375	0.125	0.625	-8.000	0.400	0.667	0.750	0.250	0.333	-1.500	-2.500	0.500	0.600	0.500	-3.375	0.625	-0.750	0.714	-2.125	0.625	0.125	-3.750	0.333	-9.875	0.625	0.125	0.500	0.500	0.125	0.600	0.625	-1.125	0.571	-1.125	-19.000	0.250	-16.000	0.500	0.667	0.500	0.571	-0.250	-4.875	-2.500	-2.625	-0.125	-0.250	0.500	0.500
0.286	-1.571	0.571	0.500	-0.429	-0.286	0.857	0.714	0.571	0.800	0.429	0.143	0.714	-0.143	-2.714	-0.714	0.800	0.714	0.571	-0.286	0.286	-0.143	0.800	0.600	0.286	0.143	0.571	-17.143	-7.571	0.571	0	0.000	0.429	0.429	0.714	0.714	-1.286	0.714	0.571	-0.571	0.833	0.571	-0.429	-0.286	0.857	-5.429	0.833	0.714	-2.143	0.571	-4.000	-0.143	-0.571	0.714	-1.000	0.500	0.857	-4.429	0.600	0.500	-11.714	0.571	-0.286	-1.429	-5.429	0.429	-9.857	-2.286	0.286	-0.286	0.500	0.571	0.429	0.143	0.714	-9.143	0.600	0.833	0.857	0.286	0.500	-1.714	-2.857	0.571	0.800	0.571	-3.857	0.714	-0.857	0.857	-2.429	0.714	0.143	-5.000	0.500	-11.286	0.714	0.143	0.571	0.667	0.143	0.800	0.714	-1.286	0.714	-1.286	-22.571	0.286	-18.286	0.571	0.833	0.571	0.714	-0.286	-5.571	-2.857	-3.000	-0.143	-0.286	0.571	0.667
0.474	-0.095	0.000	-0.333	0.286	0.333	0.333	0.533	0.385	-0.200	0.308	0.450	0.000	0.381	-0.476	0.190	-0.200	0.000	0.200	0.333	0.091	0.381	-0.200	-0.400	0.524	0.381	-0.143	-5.286	-1.810	0.000	0.000	0	0.095	0.357	0.222	0.125	0.000	0.000	0.524	0.524	0.000	0.333	0.286	0.333	0.143	-1.381	0.000	0.222	-0.286	0.385	-0.905	0.381	0.238	0.417	0.095	-0.333	0.625	-1.048	-0.400	-0.333	-3.476	-0.143	0.333	-0.048	-1.381	0.357	-2.952	-0.333	0.412	0.333	-0.333	0.111	0.000	0.476	0.417	-2.619	-0.400	0.000	0.400	0.524	-0.333	-0.143	-0.524	0.619	-0.200	0.579	-0.857	0.364	0.143	0.143	-0.381	0.417	0.235	-0.952	-0.333	-3.333	0.462	0.312	0.467	-0.167	0.312	-0.200	0.222	0.000	0.000	0.000	-6.810	0.167	-5.667	0.111	0.000	0.273	0.000	0.333	-1.429	-0.524	-0.571	0.381	0.333	0.333	-0.167
0.632	0.636	0.375	0.167	0.571	0.346	0.667	0.733	0.615	0.400	0.538	0.600	0.429	0.677	0.516	0.702	0.400	0.429	0.500	0.500	0.364	0.655	0.400	0.200	0.667	0.633	0.286	-1.062	0.094	0.375	0.429	0.095	0	0.571	0.556	0.500	0.571	0.429	0.593	0.667	0.500	0.583	0.768	0.522	0.571	0.172	0.500	0.556	0.625	0.615	0.422	0.565	0.734	0.667	0.703	0.167	0.812	0.375	0.200	0.167	-0.516	0.286	0.621	0.604	0.266	0.571	-0.391	0.531	0.588	0.686	0.167	0.444	0.333	0.765	0.667	-0.250	0.200	0.500	0.700	0.667	0.167	0.672	0.484	0.783	0.400	0.632	0.438	0.636	0.487	0.571	0.547	0.667	0.353	0.281	0.167	-0.406	0.692	0.500	0.667	0.333	0.500	0.400	0.556	0.719	0.429	0.627	-1.656	0.417	-1.141	0.444	0.500	0.545	0.429	0.711	0.250	0.547	0.531	0.688	0.588	0.583	0.333
0.429	-0.429	0.375	0.167	0.143	0.214	0.667	0.714	0.538	0.400	0.538	0.429	0.429	0.286	-1.000	0.000	0.400	0.429	0.500	0.214	0.364	0.286	0.400	0.200	0.500	0.429	0.286	-8.214	-3.000	0.375	0.429	0.357	0.571	0	0.556	0.500	-0.286	0.429	0.571	0.500	0.500	0.583	0.143	0.214	0.571	-2.357	0.500	0.556	-0.714	0.615	-2.429	0.286	0.071	0.667	-0.143	0.167	0.786	-1.857	0.200	0.167	-5.500	0.286	0.214	-0.357	-2.357	0.571	-4.571	-0.786	0.500	0.214	0.167	0.444	0.333	0.429	0.667	-4.214	0.200	0.500	0.700	0.500	0.167	-0.500	-1.071	0.643	0.400	0.643	-1.571	0.636	-0.071	0.571	-0.857	0.667	0.429	-1.714	0.167	-5.286	0.692	0.429	0.643	0.333	0.429	0.400	0.556	-0.286	0.429	-0.286	-11.214	0.417	-8.786	0.444	0.500	0.545	0.429	0.214	-3.214	-1.071	-1.143	0.214	0.214	0.583	0.333
0.444	-1.000	0.625	0.500	-0.111	0.000	0.889	-0.111	0.667	0.800	0.556	0.333	0.714	0.111	-1.889	-0.333	0.800	0.714	0.667	0.000	0.444	-0.778	0.800	0.600	0.444	0.333	0.571	-13.111	-5.000	0.625	0.714	0.222	0.556	0.556	0	0.750	-0.778	0.714	0.667	0.444	0.833	0.667	-0.111	0.000	0.857	-4.889	0.833	0.778	-1.444	0.667	-2.889	0.111	-0.222	0.778	-0.556	0.500	0.889	-3.222	0.600	0.500	-8.889	0.571	0.000	-0.889	-4.000	0.556	-7.444	-2.444	0.444	0.000	0.500	0.667	0.556	0.333	0.778	-6.889	0.600	0.833	0.889	0.444	0.500	-1.111	-2.000	0.667	0.800	0.667	-2.778	0.778	-0.444	0.857	-1.667	0.778	0.333	-3.000	0.500	-9.444	0.778	0.333	0.667	0.667	0.333	0.800	0.778	-0.778	0.714	-0.778	-16.667	0.444	-14.000	0.667	0.833	0.667	0.714	0.000	-4.111	-2.000	-2.111	0.111	0.000	0.667	0.667
0.375	-1.250	0.625	0.500	-1.125	-0.125	0.875	0.750	0.625	0.800	0.500	0.250	0.714	0.000	-2.250	-0.500	0.800	0.714	0.625	-0.125	0.375	0.000	0.800	0.600	0.375	0.250	0.571	-14.875	-5.750	0.625	0.714	0.125	0.500	0.500	0.750	0	-1.000	0.714	0.625	0.375	0.833	0.625	-0.250	-0.125	0.857	-4.625	0.833	0.750	-1.750	0.625	-3.375	0.000	-0.375	0.750	-0.750	0.500	0.875	-3.750	0.600	0.500	-10.125	0.571	-0.125	-1.125	-4.625	0.500	-9.375	-1.875	0.375	-0.125	0.500	0.625	0.500	0.250	0.750	-7.875	0.600	0.833	0.875	0.375	0.500	-1.375	-2.375	0.625	0.800	0.625	-3.250	0.750	-0.625	0.857	-2.000	0.750	0.250	-3.500	0.500	-9.750	0.750	0.250	0.625	0.667	0.250	0.800	0.750	-1.000	0.714	-1.000	-18.875	0.375	-15.875	0.625	0.833	0.625	0.714	-0.125	-4.750	-2.375	-2.500	0.000	-0.125	0.625	0.667
0.000	0.238	-1.125	-1.833	0.071	0.115	-0.667	-0.067	-0.308	-2.000	-0.538	0.000	-1.286	0.290	0.048	0.381	-2.000	-1.286	-0.900	-0.045	-0.727	0.241	-2.000	-2.200	0.095	0.333	-1.429	-2.357	-0.619	-1.125	-1.286	0.000	0.571	-0.286	-0.778	-1.000	0	-1.571	0.370	0.095	-1.500	-0.417	0.429	0.000	-1.143	-0.571	-1.500	-0.778	0.143	-0.308	-0.167	0.043	0.405	-0.333	0.333	-1.833	0.062	-0.238	-2.200	-1.833	-1.452	-1.429	0.207	0.262	-0.405	-0.286	-1.143	0.071	-0.118	0.343	-1.833	-1.556	-1.000	0.412	-0.333	-1.024	-2.200	-1.500	-0.500	0.095	-1.833	0.214	0.024	0.261	-2.000	0.105	-0.143	-0.455	0.308	-1.143	0.095	-0.333	-0.176	-0.190	-1.833	-2.024	-0.231	-0.250	-0.133	-1.667	-0.250	-2.000	-0.778	0.286	-1.286	0.286	-3.119	-0.583	-2.595	-0.889	-1.500	-0.545	-1.286	0.395	-0.429	0.024	-0.048	0.312	0.324	-0.417	-1.667
0.286	-1.571	0.571	0.500	-1.286	-0.286	0.857	0.714	0.571	0.800	-0.429	0.143	0.714	-0.143	-2.714	-0.714	0.800	0.714	0.000	-0.286	0.286	-0.143	0.800	0.600	0.286	0.143	0.571	-17.143	-6.714	0.571	0.714	0.000	0.429	0.429	0.714	0.714	-1.571	0	0.571	0.286	0.833	0.571	-0.429	-0.286	0.857	-5.714	0.833	0.714	-2.143	0.571	-4.000	-0.143	-0.571	0.714	-1.000	0.500	0.857	-4.429	0.600	0.500	-11.714	0.571	-0.286	-1.429	-5.429	0.429	-9.857	-2.571	0.286	-0.286	0.500	0.571	0.429	-0.143	0.714	-9.143	0.600	0.833	0.857	0.286	0.500	-1.714	-2.857	0.571	0.800	0.571	-3.857	0.714	-0.857	0.857	-2.429	0.714	0.143	-4.143	0.500	-11.571	0.714	0.143	0.571	0.667	0.143	0.800	0.429	-1.286	0.714	-1.286	-21.714	0.286	-18.571	0.571	0.833	0.571	0.714	-0.286	-5.571	-2.857	-3.286	-0.143	-0.286	0.571	0.667
0.526	0.296	0.500	0.333	0.593	0.538	0.778	0.800	0.615	0.600	0.615	0.650	0.571	0.667	-0.111	0.519	0.600	0.571	0.600	0.545	0.182	0.667	0.600	0.400	0.714	0.630	0.429	-3.852	-1.111	0.500	0.571	0.524	0.593	0.571	0.667	0.625	0.370	0.571	0	0.714	0.667	0.667	0.593	0.565	0.714	-0.778	0.667	0.667	0.074	0.692	-0.444	0.609	0.556	0.750	0.259	0.333	0.875	-0.444	0.400	0.333	-2.444	0.429	0.630	0.333	-0.704	0.643	-1.963	0.111	0.647	0.630	0.333	0.556	0.444	0.741	0.750	-1.741	0.400	0.667	0.800	0.714	0.333	0.259	-0.037	0.826	0.600	0.789	-0.333	0.727	0.481	0.714	-0.037	0.750	0.412	-0.519	0.333	-2.296	0.769	0.562	0.533	0.500	0.562	0.600	0.667	0.296	0.571	0.296	-5.333	0.333	-4.037	0.556	0.667	0.636	0.571	0.630	-0.778	-0.037	-0.074	0.630	0.556	0.667	0.500
0.579	0.000	0.250	0.000	0.381	0.429	0.556	0.667	0.538	0.200	0.462	0.550	0.286	0.476	-0.381	0.286	0.200	0.286	0.400	0.429	0.273	0.476	0.200	0.000	0.619	0.571	0.143	-5.238	-2.000	0.250	-0.571	0.524	0.667	0.500	0.444	0.375	0.095	0.286	0.714	0	0.333	0.500	0.381	0.429	0.429	-1.286	0.333	0.444	-0.190	-0.308	-0.810	0.476	0.333	0.583	0.190	0.000	0.750	-0.952	0.000	0.000	-3.381	0.143	0.429	0.048	-1.286	0.500	-2.762	-0.238	0.529	0.429	0.000	0.333	0.222	0.571	0.583	-2.524	0.000	0.333	0.600	0.619	0.000	-0.048	-0.429	0.714	0.200	0.684	-0.762	0.545	0.238	0.429	-0.333	0.583	0.471	-1.143	-0.167	-3.238	0.615	0.438	0.600	0.167	0.438	0.200	0.444	0.095	0.286	0.095	-7.000	0.333	-5.571	0.333	0.333	0.455	0.286	0.429	-1.333	-0.429	-0.476	0.476	0.429	0.500	0.167
